model_55_joker.cp10000 0 9307 9432 9367 9332 9343 9416 9415 9318 9293 9287 9636 9279 9387 9531 9475 9533 9369 9467 9254 9343
model_55_joker.cp100000 10693 0 10116 10061 10037 9952 9974 10012 10139 9954 9931 10369 9937 10006 10242 10233 10160 10015 10262 10025 9999
model_55_joker.cp110000 10568 9884 0 10031 10021 10070 9871 9876 9866 9919 9901 10185 9811 9886 10204 10153 10119 10027 10035 10001 9898
model_55_joker.cp120000 10633 9939 9969 0 9984 10069 10088 9930 9921 9982 9928 10296 9983 9827 10216 10168 10244 9876 10121 10090 9890
model_55_joker.cp130000 10668 9963 9979 10016 0 9822 10034 9996 9883 10102 9879 10305 9923 9896 10236 10129 10145 10059 10076 10039 10014
model_55_joker.cp140000 10657 10048 9930 9931 10178 0 10027 9937 10152 10015 10027 10340 9914 9885 10184 10203 10195 10062 10103 10139 10049
model_55_joker.cp150000 10584 10026 10129 9912 9966 9973 0 9826 9964 9921 10060 10356 9968 9925 10237 10213 10115 10045 10146 10090 9939
model_55_joker.cp160000 10585 9988 10124 10070 10004 10063 10174 0 9870 9949 10048 10397 9914 9970 10268 10162 10162 10161 10107 9980 10104
model_55_joker.cp170000 10682 9861 10134 10079 10117 9848 10036 10130 0 10054 10160 10398 9957 9755 10303 10268 10310 10025 10251 10094 10125
model_55_joker.cp180000 10707 10046 10081 10018 9898 9985 10079 10051 9946 0 9965 10347 9892 10032 10181 10126 10188 10051 10119 9985 10125
model_55_joker.cp190000 10713 10069 10099 10072 10121 9973 9940 9952 9840 10035 0 10260 9909 10004 10255 10192 10177 10075 10207 9996 9944
model_55_joker.cp20000 10364 9631 9815 9704 9695 9660 9644 9603 9602 9653 9740 0 9596 9530 9876 9758 9751 9730 9757 9636 9809
model_55_joker.cp200000 10721 10063 10189 10017 10077 10086 10032 10086 10043 10108 10091 10404 0 9977 10397 10228 10216 10082 10281 10105 10075
model_55_joker.cp210000 10613 9994 10114 10173 10104 10115 10075 10030 10245 9968 9996 10470 10023 0 10352 10276 10209 10014 10210 10186 9931
model_55_joker.cp30000 10469 9758 9796 9784 9764 9816 9763 9732 9697 9819 9745 10124 9603 9648 0 9820 9941 9775 9976 9714 9638
model_55_joker.cp40000 10525 9767 9847 9832 9871 9797 9787 9838 9732 9874 9808 10242 9772 9724 10180 0 9999 9877 9880 9868 9775
model_55_joker.cp50000 10467 9840 9881 9756 9855 9805 9885 9838 9690 9812 9823 10249 9784 9791 10059 10001 0 9744 9935 10017 9773
model_55_joker.cp60000 10631 9985 9973 10124 9941 9938 9955 9839 9975 9949 9925 10270 9918 9986 10225 10123 10256 0 10081 9937 9996
model_55_joker.cp70000 10533 9738 9965 9879 9924 9897 9854 9893 9749 9881 9793 10243 9719 9790 10024 10120 10065 9919 0 9879 9825
model_55_joker.cp80000 10746 9975 9999 9910 9961 9861 9910 10020 9906 10015 10004 10364 9895 9814 10286 10132 9983 10063 10121 0 9983
model_55_joker.cp90000 10657 10001 10102 10110 9986 9951 10061 9896 9875 9875 10056 10191 9925 10069 10362 10225 10227 10004 10175 10017 0
